-0.16514600000000002,6.0921020519480535,1.0
0.26031395670995483,4.67773516883117,1.0
-0.17664491774891733,3.5393423116883125,1.0
-1.4300269523809526,4.0912903636363644,1.0
-2.56841980952381,3.8613120086580097,1.0
-2.246450112554113,1.8605003203463206,1.5
-0.34912868398268504,0.31964534199134187,1.5
1.4102057316017316,0.6991096277056283,1.5
2.3876137402597397,1.6880165541125547,1.5
2.882067203463201,2.8379083290043297,1.5
2.6060931774891767,4.378763307359309,1.5
1.6746808398268396,5.988611792207793,1.5
0.5822836536796521,6.690045774891775,1.0
-0.16514600000000002,6.0921020519480535,1.0
