0.6972728311688305,6.966019800865801
-0.050156822510824206,6.023108545454546
0.425871240913148,4.937358547707673
-0.06165574025974152,3.5738390649350653
-1.5220182943722946,3.9878001038961046
-2.6374133160173168,4.194780623376625
-3.0283765194805197,3.5393423116883125
-2.9248862597402594,2.883904
-2.786899246753247,2.6424267272727273
-2.430432796536797,1.7685089783549786
-1.9014825800865802,1.4465392813852813
-1.407029116883117,0.837096640692641
-0.303133012987014,0.1816583290043292
1.1888888888888864,0.4544444444444431
2.8566666666666674,1.7244444444444436
3.4135151029497948,3.259681609794787
3.0304838385861217,4.401114777598531
1.7436743463203452,6.103600969696972
0.6972728311688305,6.966019800865801
